###sbj_990_15_2_62281136_item1
10;5
14640.1;26703.0;12062.9
26719.1;30910.0;4190.9004
-251.0;-16.0;176.35262;1
0;0;174.0
1;1;222.0
2;2;270.0
3;3;318.0
4;4;6.0
68
0;26719.0;0.0;0.0
1;28085.0;0.0;1.0
2;28085.0;0.0;2.0
3;28131.0;0.0;3.0
4;28225.0;0.0;4.0
5;28566.0;-1.0;4.0
6;28566.0;-3.0;4.0
7;28566.0;-5.0;4.0
8;28566.0;-10.0;4.0
9;28582.0;-14.0;4.0
10;28582.0;-20.0;4.0
11;28582.0;-29.0;4.0
12;28628.0;-34.0;4.0
13;28628.0;-42.0;2.0
14;28628.0;-47.0;2.0
15;28659.0;-55.0;1.0
16;28659.0;-62.0;0.0
17;28659.0;-74.0;-3.0
18;28690.0;-80.0;-4.0
19;28690.0;-88.0;-6.0
20;28690.0;-94.0;-7.0
21;28721.0;-101.0;-10.0
22;28721.0;-105.0;-11.0
23;28768.0;-111.0;-11.0
24;28768.0;-114.0;-12.0
25;28830.0;-120.0;-13.0
26;28830.0;-123.0;-13.0
27;28830.0;-125.0;-13.0
28;28830.0;-130.0;-14.0
29;28877.0;-132.0;-14.0
30;28877.0;-137.0;-14.0
31;28877.0;-142.0;-15.0
32;28939.0;-148.0;-16.0
33;28939.0;-153.0;-17.0
34;28939.0;-160.0;-18.0
35;28939.0;-163.0;-18.0
36;28939.0;-170.0;-19.0
37;28939.0;-176.0;-20.0
38;28970.0;-183.0;-21.0
39;28970.0;-188.0;-22.0
40;29032.0;-196.0;-23.0
41;29032.0;-202.0;-23.0
42;29032.0;-208.0;-23.0
43;29032.0;-213.0;-23.0
44;29063.0;-219.0;-23.0
45;29063.0;-223.0;-23.0
46;29063.0;-226.0;-23.0
47;29109.0;-232.0;-23.0
48;29109.0;-235.0;-23.0
49;29109.0;-238.0;-23.0
50;29140.0;-239.0;-23.0
51;29140.0;-240.0;-23.0
52;29172.0;-241.0;-23.0
53;29358.0;-242.0;-22.0
54;29358.0;-244.0;-21.0
55;29358.0;-244.0;-20.0
56;29389.0;-245.0;-20.0
57;29389.0;-245.0;-19.0
58;29389.0;-246.0;-19.0
59;29420.0;-246.0;-18.0
60;29420.0;-247.0;-17.0
61;29420.0;-248.0;-17.0
62;29513.0;-249.0;-16.0
63;29513.0;-250.0;-15.0
64;29513.0;-251.0;-15.0
65;29575.0;-251.0;-14.0
66;30305.0;-251.0;-15.0
67;30460.0;-251.0;-16.0
###sbj_990_15_2_62281136_item2
10;5
30988.1;32587.0;1598.9004
32603.1;34233.0;1629.9004
182.0;164.0;317.97803;4
0;0;174.0
1;1;222.0
2;2;270.0
3;3;318.0
4;4;6.0
70
0;32603.0;0.0;0.0
1;32991.0;0.0;2.0
2;32991.0;-1.0;2.0
3;33037.0;-1.0;4.0
4;33037.0;-1.0;5.0
5;33037.0;-1.0;7.0
6;33068.0;0.0;11.0
7;33068.0;2.0;13.0
8;33068.0;5.0;19.0
9;33068.0;10.0;24.0
10;33099.0;20.0;31.0
11;33099.0;29.0;38.0
12;33099.0;42.0;48.0
13;33130.0;52.0;54.0
14;33130.0;69.0;63.0
15;33130.0;80.0;70.0
16;33162.0;96.0;76.0
17;33162.0;105.0;81.0
18;33162.0;116.0;87.0
19;33193.0;122.0;90.0
20;33193.0;129.0;95.0
21;33193.0;131.0;97.0
22;33193.0;135.0;101.0
23;33224.0;136.0;102.0
24;33224.0;136.0;103.0
25;33224.0;136.0;104.0
26;33255.0;136.0;105.0
27;33255.0;136.0;106.0
28;33301.0;136.0;107.0
29;33301.0;136.0;109.0
30;33301.0;136.0;110.0
31;33332.0;136.0;111.0
32;33332.0;136.0;112.0
33;33332.0;136.0;114.0
34;33332.0;136.0;117.0
35;33363.0;135.0;118.0
36;33363.0;135.0;120.0
37;33363.0;134.0;122.0
38;33363.0;134.0;125.0
39;33379.0;134.0;127.0
40;33425.0;134.0;130.0
41;33425.0;135.0;134.0
42;33425.0;136.0;136.0
43;33472.0;140.0;141.0
44;33472.0;142.0;144.0
45;33472.0;145.0;146.0
46;33472.0;149.0;149.0
47;33472.0;154.0;153.0
48;33503.0;156.0;154.0
49;33503.0;160.0;158.0
50;33503.0;162.0;159.0
51;33534.0;166.0;162.0
52;33534.0;168.0;163.0
53;33534.0;171.0;166.0
54;33565.0;173.0;167.0
55;33565.0;175.0;169.0
56;33565.0;176.0;169.0
57;33596.0;176.0;170.0
58;33627.0;177.0;170.0
59;33627.0;177.0;169.0
60;33674.0;178.0;169.0
61;33674.0;178.0;168.0
62;33705.0;179.0;168.0
63;33767.0;179.0;167.0
64;33829.0;180.0;167.0
65;33907.0;180.0;166.0
66;33907.0;181.0;166.0
67;33907.0;181.0;165.0
68;33938.0;182.0;165.0
69;33938.0;182.0;164.0
###sbj_990_15_2_62281136_item3
10;5
34248.1;35832.0;1583.8984
35832.1;37183.0;1350.8984
246.0;-29.0;6.7233496;5
0;0;174.0
1;1;222.0
2;2;270.0
3;3;318.0
4;4;6.0
58
0;35832.0;0.0;0.0
1;36049.0;1.0;0.0
2;36049.0;2.0;0.0
3;36096.0;2.0;1.0
4;36096.0;4.0;1.0
5;36096.0;6.0;1.0
6;36127.0;10.0;2.0
7;36127.0;14.0;2.0
8;36127.0;22.0;4.0
9;36158.0;30.0;4.0
10;36158.0;38.0;4.0
11;36158.0;54.0;4.0
12;36189.0;67.0;4.0
13;36189.0;86.0;1.0
14;36189.0;100.0;-2.0
15;36189.0;119.0;-5.0
16;36220.0;131.0;-8.0
17;36220.0;146.0;-10.0
18;36220.0;155.0;-12.0
19;36251.0;164.0;-13.0
20;36251.0;170.0;-14.0
21;36251.0;178.0;-16.0
22;36282.0;182.0;-17.0
23;36282.0;187.0;-19.0
24;36329.0;189.0;-19.0
25;36360.0;190.0;-19.0
26;36391.0;190.0;-20.0
27;36391.0;190.0;-21.0
28;36422.0;190.0;-23.0
29;36422.0;191.0;-23.0
30;36422.0;191.0;-24.0
31;36453.0;193.0;-26.0
32;36453.0;194.0;-27.0
33;36453.0;196.0;-28.0
34;36484.0;198.0;-29.0
35;36484.0;200.0;-29.0
36;36484.0;203.0;-30.0
37;36515.0;206.0;-31.0
38;36515.0;209.0;-32.0
39;36515.0;215.0;-33.0
40;36546.0;220.0;-34.0
41;36546.0;226.0;-35.0
42;36546.0;229.0;-35.0
43;36593.0;235.0;-36.0
44;36593.0;238.0;-36.0
45;36593.0;242.0;-36.0
46;36593.0;243.0;-37.0
47;36624.0;245.0;-38.0
48;36686.0;246.0;-38.0
49;36686.0;246.0;-37.0
50;36717.0;246.0;-36.0
51;36717.0;246.0;-35.0
52;36748.0;246.0;-34.0
53;36748.0;246.0;-33.0
54;36779.0;246.0;-32.0
55;36826.0;246.0;-31.0
56;36826.0;246.0;-30.0
57;36857.0;246.0;-29.0
###sbj_990_15_2_62281136_item4
10;5
37198.1;38689.0;1490.8984
38720.1;40350.0;1629.8984
9.0;243.0;272.1211;3
0;0;174.0
1;1;222.0
2;2;270.0
3;3;318.0
4;4;6.0
67
0;38720.0;0.0;0.0
1;39061.0;-1.0;1.0
2;39108.0;-2.0;2.0
3;39108.0;-2.0;4.0
4;39108.0;-3.0;5.0
5;39108.0;-6.0;8.0
6;39154.0;-7.0;12.0
7;39154.0;-10.0;19.0
8;39154.0;-13.0;23.0
9;39154.0;-20.0;33.0
10;39185.0;-25.0;42.0
11;39185.0;-33.0;51.0
12;39185.0;-38.0;57.0
13;39185.0;-46.0;61.0
14;39216.0;-55.0;68.0
15;39216.0;-61.0;72.0
16;39279.0;-66.0;77.0
17;39279.0;-68.0;79.0
18;39279.0;-69.0;80.0
19;39279.0;-69.0;81.0
20;39310.0;-69.0;83.0
21;39310.0;-69.0;85.0
22;39356.0;-66.0;88.0
23;39356.0;-65.0;90.0
24;39418.0;-60.0;95.0
25;39418.0;-57.0;100.0
26;39418.0;-50.0;107.0
27;39418.0;-46.0;113.0
28;39465.0;-37.0;123.0
29;39465.0;-31.0;132.0
30;39527.0;-23.0;142.0
31;39527.0;-19.0;148.0
32;39527.0;-15.0;154.0
33;39527.0;-10.0;161.0
34;39527.0;-7.0;165.0
35;39527.0;-5.0;169.0
36;39558.0;-5.0;171.0
37;39558.0;-5.0;176.0
38;39558.0;-5.0;179.0
39;39605.0;-5.0;183.0
40;39605.0;-5.0;187.0
41;39605.0;-6.0;191.0
42;39605.0;-8.0;193.0
43;39636.0;-10.0;198.0
44;39636.0;-12.0;200.0
45;39682.0;-15.0;204.0
46;39682.0;-16.0;207.0
47;39682.0;-17.0;212.0
48;39682.0;-18.0;213.0
49;39713.0;-18.0;215.0
50;39713.0;-18.0;218.0
51;39760.0;-18.0;220.0
52;39760.0;-18.0;221.0
53;39760.0;-17.0;222.0
54;39760.0;-16.0;224.0
55;39760.0;-14.0;226.0
56;39791.0;-11.0;228.0
57;39791.0;-9.0;230.0
58;39791.0;-4.0;233.0
59;39822.0;-2.0;234.0
60;39822.0;2.0;237.0
61;39822.0;3.0;238.0
62;39853.0;5.0;240.0
63;39853.0;7.0;240.0
64;39853.0;8.0;242.0
65;39915.0;9.0;242.0
66;39915.0;9.0;243.0
###sbj_990_15_2_62281136_item5
10;5
40365.1;41561.0;1195.8984
41592.1;43796.0;2203.8984
256.0;-27.0;6.020656;5
0;0;174.0
1;1;222.0
2;2;270.0
3;3;318.0
4;4;6.0
86
0;41592.0;0.0;0.0
1;41716.0;1.0;0.0
2;41809.0;1.0;1.0
3;41887.0;1.0;2.0
4;41933.0;1.0;3.0
5;41933.0;1.0;4.0
6;42011.0;1.0;6.0
7;42011.0;1.0;7.0
8;42011.0;2.0;8.0
9;42042.0;2.0;9.0
10;42042.0;4.0;11.0
11;42042.0;5.0;11.0
12;42073.0;7.0;13.0
13;42073.0;9.0;13.0
14;42073.0;12.0;14.0
15;42073.0;17.0;14.0
16;42104.0;26.0;14.0
17;42104.0;37.0;13.0
18;42151.0;49.0;11.0
19;42151.0;58.0;9.0
20;42151.0;70.0;8.0
21;42151.0;77.0;6.0
22;42197.0;86.0;4.0
23;42197.0;93.0;3.0
24;42197.0;98.0;0.0
25;42244.0;105.0;-2.0
26;42244.0;110.0;-4.0
27;42244.0;116.0;-6.0
28;42290.0;118.0;-7.0
29;42290.0;122.0;-9.0
30;42290.0;124.0;-10.0
31;42337.0;128.0;-11.0
32;42337.0;131.0;-13.0
33;42337.0;139.0;-16.0
34;42384.0;146.0;-18.0
35;42384.0;154.0;-22.0
36;42384.0;162.0;-25.0
37;42384.0;172.0;-30.0
38;42384.0;181.0;-33.0
39;42430.0;189.0;-34.0
40;42430.0;193.0;-34.0
41;42430.0;196.0;-33.0
42;42461.0;198.0;-33.0
43;42461.0;199.0;-33.0
44;42461.0;200.0;-33.0
45;42492.0;200.0;-32.0
46;42523.0;199.0;-31.0
47;42570.0;199.0;-30.0
48;42570.0;199.0;-28.0
49;42648.0;200.0;-27.0
50;42648.0;200.0;-26.0
51;42694.0;201.0;-25.0
52;42694.0;202.0;-25.0
53;42694.0;205.0;-24.0
54;42756.0;207.0;-24.0
55;42756.0;210.0;-24.0
56;42756.0;217.0;-23.0
57;42756.0;222.0;-23.0
58;42756.0;231.0;-23.0
59;42803.0;239.0;-23.0
60;42803.0;250.0;-25.0
61;42803.0;256.0;-26.0
62;42803.0;265.0;-27.0
63;42818.0;271.0;-28.0
64;42818.0;276.0;-29.0
65;42818.0;279.0;-29.0
66;42865.0;282.0;-29.0
67;42865.0;283.0;-29.0
68;43051.0;282.0;-29.0
69;43051.0;281.0;-29.0
70;43051.0;279.0;-29.0
71;43082.0;276.0;-29.0
72;43082.0;274.0;-29.0
73;43113.0;271.0;-29.0
74;43113.0;270.0;-29.0
75;43113.0;267.0;-29.0
76;43160.0;265.0;-29.0
77;43160.0;262.0;-29.0
78;43160.0;261.0;-29.0
79;43160.0;260.0;-29.0
80;43160.0;259.0;-29.0
81;43253.0;258.0;-29.0
82;43315.0;258.0;-28.0
83;43377.0;257.0;-28.0
84;43377.0;256.0;-28.0
85;43424.0;256.0;-27.0
###sbj_990_15_2_62281136_item6
10;5
43843.1;45364.0;1520.8984
45395.1;47833.0;2437.8984
-258.0;-15.0;176.67259;1
0;0;174.0
1;1;222.0
2;2;270.0
3;3;318.0
4;4;6.0
80
0;45395.0;0.0;0.0
1;45784.0;-1.0;0.0
2;45784.0;-2.0;2.0
3;45830.0;-3.0;3.0
4;45830.0;-4.0;5.0
5;45861.0;-7.0;9.0
6;45861.0;-11.0;14.0
7;45861.0;-19.0;21.0
8;45861.0;-26.0;26.0
9;45861.0;-36.0;36.0
10;45892.0;-43.0;45.0
11;45892.0;-54.0;60.0
12;45939.0;-62.0;69.0
13;45939.0;-70.0;79.0
14;45939.0;-80.0;88.0
15;45985.0;-85.0;94.0
16;45985.0;-91.0;98.0
17;45985.0;-93.0;102.0
18;45985.0;-97.0;104.0
19;46016.0;-98.0;105.0
20;46016.0;-99.0;106.0
21;46063.0;-99.0;107.0
22;46218.0;-100.0;107.0
23;46296.0;-101.0;107.0
24;46327.0;-103.0;104.0
25;46327.0;-105.0;101.0
26;46327.0;-110.0;95.0
27;46327.0;-115.0;89.0
28;46327.0;-125.0;75.0
29;46374.0;-133.0;64.0
30;46420.0;-146.0;47.0
31;46420.0;-153.0;38.0
32;46467.0;-158.0;29.0
33;46467.0;-163.0;23.0
34;46467.0;-166.0;18.0
35;46467.0;-171.0;14.0
36;46467.0;-173.0;11.0
37;46467.0;-177.0;8.0
38;46498.0;-177.0;6.0
39;46498.0;-180.0;5.0
40;46544.0;-182.0;3.0
41;46544.0;-184.0;2.0
42;46544.0;-186.0;2.0
43;46544.0;-190.0;2.0
44;46591.0;-193.0;2.0
45;46591.0;-197.0;2.0
46;46591.0;-202.0;2.0
47;46591.0;-206.0;2.0
48;46622.0;-210.0;2.0
49;46622.0;-217.0;2.0
50;46669.0;-220.0;2.0
51;46669.0;-225.0;2.0
52;46715.0;-230.0;2.0
53;46715.0;-234.0;2.0
54;46715.0;-240.0;2.0
55;46715.0;-242.0;1.0
56;46777.0;-247.0;0.0
57;46777.0;-249.0;0.0
58;46777.0;-254.0;0.0
59;46839.0;-258.0;-1.0
60;46839.0;-260.0;-2.0
61;46839.0;-262.0;-3.0
62;46839.0;-264.0;-4.0
63;46870.0;-266.0;-5.0
64;46901.0;-266.0;-6.0
65;46901.0;-265.0;-6.0
66;46932.0;-265.0;-7.0
67;46979.0;-265.0;-8.0
68;46979.0;-264.0;-9.0
69;47041.0;-263.0;-9.0
70;47041.0;-262.0;-10.0
71;47088.0;-261.0;-10.0
72;47088.0;-260.0;-10.0
73;47150.0;-259.0;-10.0
74;47181.0;-259.0;-11.0
75;47212.0;-259.0;-12.0
76;47259.0;-259.0;-13.0
77;47305.0;-258.0;-13.0
78;47305.0;-258.0;-14.0
79;47383.0;-258.0;-15.0
###sbj_990_15_2_62281136_item7
10;5
47848.1;49618.0;1769.8984
49618.1;52428.0;2809.8984
-253.0;-19.0;175.70523;1
0;0;174.0
1;1;222.0
2;2;270.0
3;3;318.0
4;4;6.0
51
0;49696.0;0.0;0.0
1;50100.0;-1.0;0.0
2;50131.0;-2.0;0.0
3;50162.0;-2.0;1.0
4;50208.0;-3.0;2.0
5;51590.0;-5.0;2.0
6;51590.0;-7.0;2.0
7;51621.0;-12.0;2.0
8;51621.0;-16.0;2.0
9;51668.0;-27.0;2.0
10;51668.0;-36.0;2.0
11;51668.0;-49.0;2.0
12;51668.0;-61.0;2.0
13;51699.0;-81.0;2.0
14;51699.0;-93.0;2.0
15;51699.0;-113.0;2.0
16;51745.0;-125.0;2.0
17;51745.0;-138.0;2.0
18;51745.0;-152.0;2.0
19;51792.0;-161.0;2.0
20;51792.0;-172.0;2.0
21;51792.0;-177.0;1.0
22;51838.0;-187.0;0.0
23;51838.0;-191.0;-1.0
24;51838.0;-197.0;-3.0
25;51838.0;-199.0;-4.0
26;51838.0;-205.0;-7.0
27;51870.0;-207.0;-7.0
28;51870.0;-210.0;-9.0
29;51870.0;-214.0;-11.0
30;51901.0;-219.0;-13.0
31;51901.0;-222.0;-13.0
32;51901.0;-226.0;-14.0
33;51947.0;-229.0;-15.0
34;51947.0;-234.0;-16.0
35;51947.0;-236.0;-17.0
36;51947.0;-238.0;-18.0
37;51978.0;-240.0;-19.0
38;51978.0;-241.0;-19.0
39;52025.0;-243.0;-20.0
40;52025.0;-243.0;-21.0
41;52025.0;-244.0;-21.0
42;52025.0;-245.0;-22.0
43;52056.0;-246.0;-22.0
44;52102.0;-248.0;-22.0
45;52102.0;-250.0;-22.0
46;52102.0;-251.0;-22.0
47;52102.0;-252.0;-22.0
48;52102.0;-253.0;-21.0
49;52133.0;-253.0;-20.0
50;52242.0;-253.0;-19.0
###sbj_990_15_2_62281136_item8
10;5
52444.1;53639.0;1194.8984
53639.1;56418.0;2778.8984
253.0;-22.0;4.969741;5
0;0;174.0
1;1;222.0
2;2;270.0
3;3;318.0
4;4;6.0
69
0;53655.0;0.0;0.0
1;54028.0;1.0;0.0
2;54074.0;1.0;1.0
3;54183.0;2.0;1.0
4;54183.0;3.0;1.0
5;54214.0;4.0;1.0
6;54260.0;5.0;1.0
7;54260.0;6.0;1.0
8;54291.0;8.0;1.0
9;54291.0;11.0;1.0
10;54323.0;13.0;1.0
11;54323.0;18.0;1.0
12;54323.0;22.0;1.0
13;54323.0;27.0;1.0
14;54369.0;37.0;1.0
15;54431.0;45.0;1.0
16;54431.0;58.0;1.0
17;54431.0;69.0;0.0
18;54431.0;84.0;-2.0
19;54431.0;94.0;-4.0
20;54431.0;108.0;-6.0
21;54431.0;117.0;-8.0
22;54478.0;132.0;-11.0
23;54478.0;141.0;-12.0
24;54509.0;152.0;-15.0
25;54509.0;158.0;-16.0
26;54571.0;169.0;-17.0
27;54571.0;176.0;-19.0
28;54571.0;186.0;-20.0
29;54571.0;190.0;-21.0
30;54602.0;198.0;-24.0
31;54602.0;203.0;-27.0
32;54602.0;206.0;-29.0
33;54602.0;208.0;-31.0
34;54633.0;208.0;-32.0
35;54680.0;208.0;-33.0
36;54711.0;207.0;-33.0
37;54804.0;208.0;-32.0
38;54835.0;209.0;-32.0
39;54835.0;209.0;-31.0
40;54881.0;211.0;-30.0
41;54881.0;212.0;-30.0
42;54881.0;213.0;-30.0
43;54944.0;215.0;-29.0
44;54944.0;215.0;-28.0
45;54944.0;216.0;-28.0
46;54990.0;218.0;-28.0
47;54990.0;218.0;-27.0
48;54990.0;219.0;-27.0
49;55021.0;221.0;-26.0
50;55083.0;223.0;-26.0
51;55083.0;226.0;-25.0
52;55083.0;228.0;-25.0
53;55145.0;232.0;-25.0
54;55145.0;235.0;-25.0
55;55145.0;239.0;-25.0
56;55192.0;241.0;-25.0
57;55192.0;245.0;-25.0
58;55192.0;248.0;-25.0
59;55192.0;251.0;-25.0
60;55192.0;254.0;-25.0
61;55192.0;255.0;-25.0
62;55223.0;257.0;-25.0
63;55487.0;257.0;-24.0
64;55487.0;256.0;-24.0
65;55487.0;255.0;-23.0
66;55518.0;254.0;-23.0
67;55565.0;253.0;-23.0
68;55565.0;253.0;-22.0
###sbj_990_15_2_62281136_item9
10;5
56418.1;57459.0;1040.8984
57459.1;59291.0;1831.8984
190.0;159.0;320.076;4
0;0;174.0
1;1;222.0
2;2;270.0
3;3;318.0
4;4;6.0
84
0;57505.0;0.0;0.0
1;57567.0;0.0;1.0
2;57816.0;0.0;2.0
3;57816.0;1.0;2.0
4;57862.0;1.0;3.0
5;57862.0;2.0;4.0
6;57862.0;4.0;5.0
7;57893.0;7.0;8.0
8;57893.0;10.0;11.0
9;57955.0;15.0;19.0
10;57955.0;19.0;25.0
11;57955.0;26.0;33.0
12;57955.0;29.0;39.0
13;57955.0;31.0;49.0
14;57955.0;33.0;55.0
15;58002.0;33.0;60.0
16;58002.0;32.0;64.0
17;58002.0;31.0;71.0
18;58049.0;28.0;77.0
19;58049.0;23.0;87.0
20;58049.0;19.0;95.0
21;58080.0;16.0;101.0
22;58080.0;12.0;112.0
23;58080.0;11.0;117.0
24;58111.0;11.0;122.0
25;58111.0;11.0;123.0
26;58111.0;13.0;127.0
27;58157.0;16.0;129.0
28;58157.0;25.0;134.0
29;58157.0;32.0;136.0
30;58188.0;45.0;137.0
31;58188.0;56.0;138.0
32;58188.0;72.0;138.0
33;58188.0;84.0;138.0
34;58219.0;103.0;137.0
35;58219.0;112.0;135.0
36;58281.0;124.0;134.0
37;58281.0;129.0;133.0
38;58281.0;132.0;132.0
39;58344.0;134.0;132.0
40;58375.0;133.0;134.0
41;58375.0;132.0;134.0
42;58375.0;131.0;136.0
43;58421.0;130.0;137.0
44;58421.0;130.0;138.0
45;58483.0;130.0;139.0
46;58483.0;129.0;140.0
47;58483.0;129.0;141.0
48;58483.0;129.0;143.0
49;58483.0;129.0;144.0
50;58499.0;130.0;145.0
51;58499.0;131.0;146.0
52;58499.0;133.0;147.0
53;58545.0;135.0;148.0
54;58545.0;140.0;150.0
55;58608.0;143.0;150.0
56;58608.0;148.0;151.0
57;58608.0;152.0;151.0
58;58654.0;158.0;151.0
59;58654.0;161.0;151.0
60;58716.0;164.0;151.0
61;58716.0;165.0;150.0
62;58716.0;167.0;150.0
63;58716.0;170.0;150.0
64;58716.0;172.0;150.0
65;58716.0;173.0;150.0
66;58747.0;174.0;150.0
67;58747.0;176.0;150.0
68;58778.0;177.0;150.0
69;58825.0;178.0;150.0
70;58825.0;180.0;150.0
71;58825.0;181.0;150.0
72;58825.0;182.0;151.0
73;58856.0;182.0;152.0
74;58902.0;183.0;152.0
75;58965.0;184.0;153.0
76;58965.0;185.0;154.0
77;58965.0;186.0;155.0
78;58965.0;187.0;155.0
79;58965.0;187.0;156.0
80;59011.0;188.0;157.0
81;59011.0;189.0;157.0
82;59042.0;189.0;158.0
83;59042.0;190.0;159.0
###sbj_990_15_2_62281136_item10
10;5
59322.1;60362.0;1039.8984
60362.1;61837.0;1474.8984
-180.0;176.0;224.35626;2
0;0;174.0
1;1;222.0
2;2;270.0
3;3;318.0
4;4;6.0
61
0;60408.0;0.0;0.0
1;60703.0;-1.0;-1.0
2;60703.0;-2.0;-3.0
3;60750.0;-4.0;-4.0
4;60750.0;-5.0;-7.0
5;60812.0;-7.0;-9.0
6;60812.0;-8.0;-10.0
7;60812.0;-10.0;-11.0
8;60812.0;-11.0;-11.0
9;60859.0;-11.0;-10.0
10;60859.0;-13.0;-9.0
11;60905.0;-14.0;-6.0
12;60905.0;-19.0;-2.0
13;60936.0;-23.0;3.0
14;60936.0;-37.0;14.0
15;60936.0;-47.0;24.0
16;60936.0;-67.0;43.0
17;60936.0;-81.0;58.0
18;60967.0;-102.0;79.0
19;60967.0;-114.0;91.0
20;61029.0;-134.0;106.0
21;61029.0;-144.0;112.0
22;61029.0;-152.0;117.0
23;61029.0;-156.0;118.0
24;61061.0;-157.0;120.0
25;61061.0;-157.0;121.0
26;61154.0;-157.0;122.0
27;61154.0;-157.0;123.0
28;61231.0;-157.0;124.0
29;61231.0;-157.0;125.0
30;61231.0;-158.0;125.0
31;61247.0;-158.0;126.0
32;61247.0;-158.0;127.0
33;61247.0;-158.0;129.0
34;61293.0;-158.0;130.0
35;61293.0;-158.0;133.0
36;61324.0;-159.0;136.0
37;61324.0;-161.0;142.0
38;61324.0;-163.0;145.0
39;61324.0;-164.0;147.0
40;61355.0;-167.0;152.0
41;61355.0;-169.0;155.0
42;61355.0;-169.0;157.0
43;61402.0;-169.0;158.0
44;61402.0;-170.0;159.0
45;61464.0;-170.0;160.0
46;61464.0;-170.0;161.0
47;61464.0;-170.0;162.0
48;61495.0;-171.0;163.0
49;61495.0;-171.0;164.0
50;61495.0;-173.0;166.0
51;61542.0;-174.0;167.0
52;61542.0;-174.0;169.0
53;61542.0;-175.0;170.0
54;61588.0;-176.0;171.0
55;61588.0;-177.0;172.0
56;61635.0;-178.0;173.0
57;61635.0;-178.0;174.0
58;61635.0;-179.0;174.0
59;61635.0;-179.0;175.0
60;61666.0;-180.0;176.0